v0
2 0 1
0 2 1
0 0 1
0
0
1 0 0 0
0 1 0 -1.65
0 0 1 0.3

v1
2 0 1
0 2 1
0 0 1
0
0
1 0 0 0.2853
0 1 0 -1.65
0 0 1 0.0927

v2
2 0 1
0 2 1
0 0 1
0
0
1 0 0 0.1763
0 1 0 -1.65
0 0 1 -0.2427

v3
2 0 1
0 2 1
0 0 1
0
0
1 0 0 -0.1763
0 1 0 -1.65
0 0 1 -0.2427

v4
2 0 1
0 2 1
0 0 1
0
0
1 0 0 -0.2853
0 1 0 -1.65
0 0 1 0.0927

v5
2 0 1
0 2 1
0 0 1
0
0
1 0 0 0
0 1 0 -1.3902
0 0 1 -0.15

v6
2 0 1
0 2 1
0 0 1
0
0
1 0 0 0
0 1 0 -1.3902
0 0 1 0.15

v7
2 0 1
0 2 1
0 0 1
0
0
1 0 0 0
0 1 0 -1.9098
0 0 1 -0.15

v8
2 0 1
0 2 1
0 0 1
0
0
1 0 0 0
0 1 0 -1.9098
0 0 1 0.15

v9
2 0 1
0 2 1
0 0 1
0
0
1 0 0 0
0 1 0 -1.65
0 0 1 0

