v0
2 0 1
0 2 1
0 0 1
0
0
1 0 0 0
0 1 0 -1.65
0 0 1 0.3

v1
2 0 1
0 2 1
0 0 1
0
0
1 0 0 0.2853
0 1 0 -1.65
0 0 1 0.0927

v2
2 0 1
0 2 1
0 0 1
0
0
1 0 0 0.1763
0 1 0 -1.65
0 0 1 -0.2427

v3
2 0 1
0 2 1
0 0 1
0
0
1 0 0 -0.1763
0 1 0 -1.65
0 0 1 -0.2427

v4
2 0 1
0 2 1
0 0 1
0
0
1 0 0 -0.2853
0 1 0 -1.65
0 0 1 0.0927

v5
2 0 1
0 2 1
0 0 1
0
0
1 0 0 0
0 1 0 -1.3902
0 0 1 -0.15

v6
2 0 1
0 2 1
0 0 1
0
0
1 0 0 0
0 1 0 -1.3902
0 0 1 0.15

v7
2 0 1
0 2 1
0 0 1
0
0
1 0 0 0
0 1 0 -1.9098
0 0 1 -0.15

v8
2 0 1
0 2 1
0 0 1
0
0
1 0 0 0
0 1 0 -1.9098
0 0 1 0.15

v9
2 0 1
0 2 1
0 0 1
0
0
1 0 0 0
0 1 0 -1.65
0 0 1 0

i0
2 0 1
0 2 1
0 0 1
0
0
1 0 0 -0.016
0 1 0 -1.609
0 0 1 0.006

i1
2 0 1
0 2 1
0 0 1
0
0
1 0 0 -0.059
0 1 0 -1.667
0 0 1 -0.286

i2
2 0 1
0 2 1
0 0 1
0
0
1 0 0 -0.217
0 1 0 -1.785
0 0 1 0.116

i3
2 0 1
0 2 1
0 0 1
0
0
1 0 0 -0.019
0 1 0 -1.768
0 0 1 0.063

i4
2 0 1
0 2 1
0 0 1
0
0
1 0 0 0.144
0 1 0 -1.597
0 0 1 -0.117

i5
2 0 1
0 2 1
0 0 1
0
0
1 0 0 0.168
0 1 0 -1.714
0 0 1 -0.221

i6
2 0 1
0 2 1
0 0 1
0
0
1 0 0 0.214
0 1 0 -1.639
0 0 1 0.132

i7
2 0 1
0 2 1
0 0 1
0
0
1 0 0 0.185
0 1 0 -1.447
0 0 1 0.006

i8
2 0 1
0 2 1
0 0 1
0
0
1 0 0 -0.187
0 1 0 -1.78
0 0 1 -0.123

i9
2 0 1
0 2 1
0 0 1
0
0
1 0 0 -0.065
0 1 0 -1.639
0 0 1 0.016

i10
2 0 1
0 2 1
0 0 1
0
0
1 0 0 -0.059
0 1 0 -1.608
0 0 1 0.009

i11
2 0 1
0 2 1
0 0 1
0
0
1 0 0 -0.082
0 1 0 -1.662
0 0 1 -0.151

i12
2 0 1
0 2 1
0 0 1
0
0
1 0 0 -0.063
0 1 0 -1.481
0 0 1 -0.038

i13
2 0 1
0 2 1
0 0 1
0
0
1 0 0 -0.093
0 1 0 -1.718
0 0 1 0.02

i14
2 0 1
0 2 1
0 0 1
0
0
1 0 0 -0.133
0 1 0 -1.846
0 0 1 0.062

