v0
2 0 1
0 2 1
0 0 1
0
0
1 0 0 0
0 1 0 -0
0 0 1 0

v1
2 0 1
0 2 1
0 0 1
0
0
1 0 0 -0.0519615
0 1 0 0.03
0 0 1 0

v2
2 0 1
0 2 1
0 0 1
0
0
1 0 0 -0.0519615
0 1 0 -0.03
0 0 1 0

v3
2 0 1
0 2 1
0 0 1
0
0
1 0 0 0
0 1 0 0.06
0 0 1 0

v4
2 0 1
0 2 1
0 0 1
0
0
1 0 0 0
0 1 0 -0.06
0 0 1 0

v5
2 0 1
0 2 1
0 0 1
0
0
1 0 0 0.0519615
0 1 0 0.03
0 0 1 0

v6
2 0 1
0 2 1
0 0 1
0
0
1 0 0 0.0519615
0 1 0 -0.03
0 0 1 0

v7
2 0 1
0 2 1
0 0 1
0
0
1 0 0 0
0 1 0 -0
0 0 1 -0.06

v8
2 0 1
0 2 1
0 0 1
0
0
1 0 0 0
0 1 0 -0
0 0 1 0.06

v9
2 0 1
0 2 1
0 0 1
0
0
1 0 0 -0.103923
0 1 0 -0
0 0 1 0

v10
2 0 1
0 2 1
0 0 1
0
0
1 0 0 -0.0519615
0 1 0 0.09
0 0 1 0

v11
2 0 1
0 2 1
0 0 1
0
0
1 0 0 -0.0519615
0 1 0 -0.09
0 0 1 0

v12
2 0 1
0 2 1
0 0 1
0
0
1 0 0 0.0519615
0 1 0 0.09
0 0 1 0

v13
2 0 1
0 2 1
0 0 1
0
0
1 0 0 0.0519615
0 1 0 -0.09
0 0 1 0

v14
2 0 1
0 2 1
0 0 1
0
0
1 0 0 0.103923
0 1 0 -0
0 0 1 0

i0
2 0 1
0 2 1
0 0 1
0
0
1 0 0 -0.065
0 1 0 -0.032
0 0 1 -0.012

i1
2 0 1
0 2 1
0 0 1
0
0
1 0 0 0.008
0 1 0 -0.017
0 0 1 0.022

i2
2 0 1
0 2 1
0 0 1
0
0
1 0 0 0.035
0 1 0 -0.017
0 0 1 0.007

i3
2 0 1
0 2 1
0 0 1
0
0
1 0 0 0.007
0 1 0 0.04
0 0 1 -0.022

i4
2 0 1
0 2 1
0 0 1
0
0
1 0 0 -0.011
0 1 0 0.085
0 0 1 -0.025

i5
2 0 1
0 2 1
0 0 1
0
0
1 0 0 0.037
0 1 0 -0.06
0 0 1 -0.028

i6
2 0 1
0 2 1
0 0 1
0
0
1 0 0 -0.002
0 1 0 -0.093
0 0 1 0.009

i7
2 0 1
0 2 1
0 0 1
0
0
1 0 0 -0.073
0 1 0 0.019
0 0 1 0.024

