v0
2 0 1
0 2 1
0 0 1
0
0
1 0 0 0.1429
0 1 0 -1.3872
0 0 1 0.0777

v1
2 0 1
0 2 1
0 0 1
0
0
1 0 0 -0.2628
0 1 0 -1.7277
0 0 1 0.1429

v2
2 0 1
0 2 1
0 0 1
0
0
1 0 0 -0.0777
0 1 0 -1.7929
0 0 1 0.2628

v3
2 0 1
0 2 1
0 0 1
0
0
1 0 0 0.2628
0 1 0 -1.5723
0 0 1 0.1429

v4
2 0 1
0 2 1
0 0 1
0
0
1 0 0 -0.1429
0 1 0 -1.9128
0 0 1 0.0777

v5
2 0 1
0 2 1
0 0 1
0
0
1 0 0 0.0777
0 1 0 -1.5071
0 0 1 0.2628

v6
2 0 1
0 2 1
0 0 1
0
0
1 0 0 -0.0777
0 1 0 -1.3872
0 0 1 0.1429

v7
2 0 1
0 2 1
0 0 1
0
0
1 0 0 -0.2628
0 1 0 -1.5071
0 0 1 0.0777

v8
2 0 1
0 2 1
0 0 1
0
0
1 0 0 -0.1429
0 1 0 -1.5723
0 0 1 0.2628

v9
2 0 1
0 2 1
0 0 1
0
0
1 0 0 0.0777
0 1 0 -1.9128
0 0 1 0.1429

v10
2 0 1
0 2 1
0 0 1
0
0
1 0 0 0.2628
0 1 0 -1.7929
0 0 1 0.0777

v11
2 0 1
0 2 1
0 0 1
0
0
1 0 0 0.1429
0 1 0 -1.7277
0 0 1 0.2628

v12
2 0 1
0 2 1
0 0 1
0
0
1 0 0 0.0777
0 1 0 -1.7929
0 0 1 -0.2628

v13
2 0 1
0 2 1
0 0 1
0
0
1 0 0 0.1429
0 1 0 -1.9128
0 0 1 -0.0777

v14
2 0 1
0 2 1
0 0 1
0
0
1 0 0 0.2628
0 1 0 -1.7277
0 0 1 -0.1429

v15
2 0 1
0 2 1
0 0 1
0
0
1 0 0 -0.1429
0 1 0 -1.3872
0 0 1 -0.0777

v16
2 0 1
0 2 1
0 0 1
0
0
1 0 0 -0.0777
0 1 0 -1.5071
0 0 1 -0.2628

v17
2 0 1
0 2 1
0 0 1
0
0
1 0 0 -0.2628
0 1 0 -1.5723
0 0 1 -0.1429

v18
2 0 1
0 2 1
0 0 1
0
0
1 0 0 -0.2628
0 1 0 -1.7929
0 0 1 -0.0777

v19
2 0 1
0 2 1
0 0 1
0
0
1 0 0 0.1429
0 1 0 -1.5723
0 0 1 -0.2628

v20
2 0 1
0 2 1
0 0 1
0
0
1 0 0 0.0777
0 1 0 -1.3872
0 0 1 -0.1429

v21
2 0 1
0 2 1
0 0 1
0
0
1 0 0 -0.1429
0 1 0 -1.7277
0 0 1 -0.2628

v22
2 0 1
0 2 1
0 0 1
0
0
1 0 0 -0.0777
0 1 0 -1.9128
0 0 1 -0.1429

v23
2 0 1
0 2 1
0 0 1
0
0
1 0 0 0.2628
0 1 0 -1.5071
0 0 1 -0.0777

i0
2 0 1
0 2 1
0 0 1
0
0
1 0 0 0.114
0 1 0 -1.756
0 0 1 -0.134

i1
2 0 1
0 2 1
0 0 1
0
0
1 0 0 -0.172
0 1 0 -1.747
0 0 1 -0.045

i2
2 0 1
0 2 1
0 0 1
0
0
1 0 0 -0.089
0 1 0 -1.871
0 0 1 0.166

i3
2 0 1
0 2 1
0 0 1
0
0
1 0 0 0.007
0 1 0 -1.635
0 0 1 0.096

i4
2 0 1
0 2 1
0 0 1
0
0
1 0 0 0.228
0 1 0 -1.816
0 0 1 -0.042

i5
2 0 1
0 2 1
0 0 1
0
0
1 0 0 0.139
0 1 0 -1.862
0 0 1 -0.019

i6
2 0 1
0 2 1
0 0 1
0
0
1 0 0 -0.086
0 1 0 -1.71
0 0 1 -0.09

i7
2 0 1
0 2 1
0 0 1
0
0
1 0 0 0.041
0 1 0 -1.779
0 0 1 0.097

i8
2 0 1
0 2 1
0 0 1
0
0
1 0 0 0.096
0 1 0 -1.647
0 0 1 -0.076

i9
2 0 1
0 2 1
0 0 1
0
0
1 0 0 0.275
0 1 0 -1.558
0 0 1 0.055

i10
2 0 1
0 2 1
0 0 1
0
0
1 0 0 0.045
0 1 0 -1.608
0 0 1 -0.026

i11
2 0 1
0 2 1
0 0 1
0
0
1 0 0 -0.119
0 1 0 -1.629
0 0 1 -0.013

i12
2 0 1
0 2 1
0 0 1
0
0
1 0 0 -0.064
0 1 0 -1.864
0 0 1 0.041

i13
2 0 1
0 2 1
0 0 1
0
0
1 0 0 -0.012
0 1 0 -1.698
0 0 1 0.056

i14
2 0 1
0 2 1
0 0 1
0
0
1 0 0 0.09
0 1 0 -1.914
0 0 1 -0.105

i15
2 0 1
0 2 1
0 0 1
0
0
1 0 0 -0.267
0 1 0 -1.587
0 0 1 0.108

i16
2 0 1
0 2 1
0 0 1
0
0
1 0 0 -0.133
0 1 0 -1.803
0 0 1 0.131

i17
2 0 1
0 2 1
0 0 1
0
0
1 0 0 0.054
0 1 0 -1.464
0 0 1 -0.224

i18
2 0 1
0 2 1
0 0 1
0
0
1 0 0 -0.021
0 1 0 -1.732
0 0 1 -0.265

i19
2 0 1
0 2 1
0 0 1
0
0
1 0 0 -0.177
0 1 0 -1.445
0 0 1 0.036

