v0
2 0 1
0 2 1
0 0 1
0
0
1 0 0 0
0 1 0 0
0 0 1 0

v1
2 0 1
0 2 1
0 0 1
0
0
1 0 0 -0.03
0 1 0 0
0 0 1 -0.0519615

v2
2 0 1
0 2 1
0 0 1
0
0
1 0 0 0.03
0 1 0 0
0 0 1 -0.0519615

v3
2 0 1
0 2 1
0 0 1
0
0
1 0 0 -0.06
0 1 0 0
0 0 1 0

v4
2 0 1
0 2 1
0 0 1
0
0
1 0 0 0.06
0 1 0 0
0 0 1 0

v5
2 0 1
0 2 1
0 0 1
0
0
1 0 0 -0.03
0 1 0 0
0 0 1 0.0519615

v6
2 0 1
0 2 1
0 0 1
0
0
1 0 0 0.03
0 1 0 0
0 0 1 0.0519615

v7
2 0 1
0 2 1
0 0 1
0
0
1 0 0 0
0 1 0 0.06
0 0 1 0

v8
2 0 1
0 2 1
0 0 1
0
0
1 0 0 0
0 1 0 -0.06
0 0 1 0

v9
2 0 1
0 2 1
0 0 1
0
0
1 0 0 0
0 1 0 0
0 0 1 -0.103923

v10
2 0 1
0 2 1
0 0 1
0
0
1 0 0 -0.09
0 1 0 0
0 0 1 -0.0519615

v11
2 0 1
0 2 1
0 0 1
0
0
1 0 0 0.09
0 1 0 0
0 0 1 -0.0519615

v12
2 0 1
0 2 1
0 0 1
0
0
1 0 0 -0.09
0 1 0 0
0 0 1 0.0519615

v13
2 0 1
0 2 1
0 0 1
0
0
1 0 0 0.09
0 1 0 0
0 0 1 0.0519615

v14
2 0 1
0 2 1
0 0 1
0
0
1 0 0 0
0 1 0 0
0 0 1 0.103923

